0.000000 0.000000 0.000000 0.000000
1.000000 -1.000000 -1.000000 -1.000000
2.000000 -0.398187 -0.092431 -0.226678
3.000000 -0.388784 -0.037507 -0.152672
4.000000 -0.365508 -0.022790 -0.109349
5.000000 -0.358341 -0.016738 -0.086728
6.000000 -0.361334 -0.012985 -0.073499
7.000000 -0.368316 -0.010279 -0.064614
8.000000 -0.376123 -0.008257 -0.057981
9.000000 -0.383474 -0.006730 -0.052690
10.000000 -0.389981 -0.005561 -0.048302 
11.000000 -0.395618 -0.004655 -0.044578
12.000000 -0.400481 -0.003940 -0.041368
13.000000 -0.404685 -0.003368 -0.038570
14.000000 -0.408339 -0.002903 -0.036110
15.000000 -0.411532 -0.002520 -0.033929
16.000000 -0.414337 -0.002201 -0.031983
17.000000 -0.416812 -0.001932 -0.030237
18.000000 -0.419006 -0.001704 -0.028661
19.000000 -0.420956 -0.001510 -0.027231
20.000000 -0.422694 -0.001342 -0.025930
