0.500000 8.000000 5.000000 7.000000
1.000000 8.000000 5.000000 7.000000
2.000000 8.000000 5.000000 7.000000
2.500000 8.000000 5.000000 7.000000
3.000000 8.000000 5.000000 7.000000
3.000100 5.890000 0.000000 8.950000
134.470000 5.890000 0.000000 8.950000
266.450000 5.890000 0.000000 8.950000
398.430000 5.890000 0.000000 8.950000
530.400000 5.890000 0.000000 8.950000
662.380000 5.890000 0.000000 8.950000
794.350000 5.890000 0.000000 8.950000
926.330000 5.890000 0.000000 8.950000
1058.300000 5.890000 0.000000 8.950000
1190.280000 5.890000 0.000000 8.950000
1322.250000 5.890000 0.000000 8.950000
1454.230000 5.890000 0.000000 8.950000
1586.200000 5.890000 0.000000 8.950000
1718.180000 5.890000 0.000000 8.950000
1850.150000 10.531582 4.954390 4.656494
1850.150100 10.531582 4.954390 4.656494
1876.130000 11.039431 4.996974 4.601962
1902.110000 10.876217 4.966486 4.548222
1928.090000 10.772084 4.925958 4.491604
1954.060000 10.648265 4.901839 4.438971
1980.040000 10.477194 4.885159 4.378892
2006.020000 10.337870 4.862589 4.316515
2032.000000 10.206728 4.841267 4.250818
2057.970000 10.101190 4.823966 4.185771
2083.950000 9.999401 4.808345 4.125893
2109.930000 9.913660 4.796431 4.060827
2135.900000 9.824032 4.777801 3.998987
2161.880000 9.758602 4.767141 3.940995
2187.860000 9.689709 4.752903 3.884193
2213.840000 9.593287 4.713610 3.828417
2239.820000 9.369880 4.642657 3.790650
2265.790000 9.172869 4.581734 3.772429
2291.770000 9.049641 4.543255 3.744742
2317.750000 8.994170 4.509891 3.719018
2343.720000 8.941017 4.497389 3.700000
2369.700000 8.930000 4.490000 3.690000
2395.680000 8.877966 4.474022 3.680000
2421.660000 8.830000 4.457649 3.670000
2447.630000 8.736892 4.440000 3.665298
2473.610000 8.713985 4.430000 3.659505
2499.590000 8.688360 4.425000 3.650000
2525.570000 8.663602 4.418779 3.640000
2551.540000 8.642290 4.410000 3.630000
2577.520000 8.618655 4.401836 3.621647
2603.500000 8.603601 4.390000 3.616430
2629.470000 8.590000 4.380059 3.610000
2655.450000 8.576166 4.380000 3.600000
2681.430000 8.560000 4.370000 3.590000
2707.410000 8.549887 4.370000 3.580000
2733.390000 8.538240 4.364053 3.572830
2759.360000 8.530000 4.358268 3.564833
2785.340000 8.513576 4.350000 3.559580
2811.320000 8.508213 4.350000 3.550000
2837.290000 8.500000 4.348531 3.540000
2863.270000 8.500000 4.340000 3.532128
2889.250000 8.472827 4.344249 3.530000
2915.230000 8.408228 4.342194 3.530000
2941.200000 8.350538 4.340000 3.520000
2967.000000 8.291017 4.340000 3.520000
2992.000000 8.232023 4.350000 3.520000
3017.000000 8.169020 4.360000 3.520000
3032.000000 8.138170 4.368119 3.520000
3042.000000 8.112636 4.371746 3.520000
3052.000000 8.087629 4.376662 3.520000
3062.000000 8.065187 4.380000 3.520000
3072.000000 8.042423 4.384036 3.517661
3082.000000 8.020052 4.390000 3.510000
3092.000000 7.998608 4.392929 3.510000
3102.000000 7.976032 4.400000 3.510000
3112.000000 7.957819 4.400000 3.510000
3122.000000 7.929934 4.400000 3.510000
3132.000000 7.909631 4.402346 3.510000
3142.000000 7.887627 4.410000 3.510000
3152.000000 7.868942 4.410000 3.510000
3162.000000 7.850526 4.410000 3.510000
3172.000000 7.827590 4.410245 3.510000
3182.000000 7.807215 4.415659 3.510000
3192.000000 7.783612 4.420000 3.510000
3202.000000 7.763151 4.420000 3.510000
3212.000000 7.739164 4.420000 3.506416
3222.000000 7.715132 4.420000 3.500000
3232.000000 7.695477 4.429144 3.500000
3242.000000 7.670702 4.429922 3.500000
3252.000000 7.649418 4.430000 3.500000
3262.000000 7.622916 4.430000 3.499293
3272.000000 7.570633 4.413366 3.457035
3282.000000 7.504344 4.380093 3.381608
3292.000000 7.404817 4.340850 3.310329
3312.000000 7.211829 4.271615 3.161839
3312.000100 7.211828 4.271614 3.161839
3347.110000 6.730505 3.941927 2.814377
3347.110100 6.730502 3.941926 2.814376
3348.110000 6.701677 3.929243 2.807295
3348.110100 6.701675 3.929241 2.807294
3381.930000 6.595000 3.760000 2.800000
3381.930100 6.595000 3.760000 2.800000
3391.000000 6.595000 3.760000 2.800000
3391.000100 6.595000 3.760000 2.800000
