0.500000 5.590000 1.000000 6.410000
1.000000 5.590000 1.000000 6.410000
2.000000 5.590000 1.000000 6.410000
2.500000 5.590000 1.000000 6.410000
3.000000 5.590000 1.000000 6.410000
3.000100 5.590000 0.000000 6.410000
134.470000 5.590000 0.000000 6.401956
266.450000 5.580000 0.000000 6.392763
398.430000 5.565611 0.000000 6.378313
530.400000 5.543569 0.000000 6.356085
662.380000 5.515236 0.000000 6.323738
794.350000 5.478160 0.000000 6.288976
926.330000 5.437595 0.000000 6.244636
1058.300000 5.387812 0.000000 6.195366
1190.280000 5.333590 0.000000 6.140480
1322.250000 5.271164 0.000000 6.075674
1454.230000 5.200933 0.000000 6.008565
1586.200000 5.124305 0.000000 5.934025
1718.180000 5.041582 0.000000 5.852232
1850.150000 9.341008 4.930000 4.050000
1850.150100 9.341008 4.930000 4.050000
1876.130000 9.564910 4.950742 4.030000
1902.110000 9.602867 4.943389 4.020000
1928.090000 9.585598 4.940000 4.010000
1954.060000 9.563328 4.926275 4.000000
1980.040000 9.538219 4.913068 3.990000
2006.020000 9.506158 4.900000 3.980000
2032.000000 9.475638 4.890000 3.970000
2057.970000 9.442626 4.871182 3.955069
2083.950000 9.380579 4.850000 3.939475
2109.930000 9.320863 4.828086 3.920000
2135.900000 9.266455 4.808867 3.900000
2161.880000 9.213177 4.787349 3.883162
2187.860000 9.178170 4.770000 3.870000
2213.840000 9.128505 4.760000 3.843414
2239.820000 9.079387 4.750000 3.817166
2265.790000 9.028382 4.736492 3.797571
2291.770000 8.986135 4.720748 3.786176
2317.750000 8.950098 4.700000 3.774984
2343.720000 8.834030 4.646856 3.752222
2369.700000 8.686467 4.549425 3.701937
2395.680000 8.568134 4.492468 3.670000
2421.660000 8.518795 4.470000 3.660000
2447.630000 8.465838 4.447926 3.650000
2473.610000 8.421454 4.419946 3.634911
2499.590000 8.381249 4.398674 3.630000
2525.570000 8.351719 4.387720 3.620000
2551.540000 8.313059 4.377218 3.610000
2577.520000 8.284547 4.360000 3.600000
2603.500000 8.250384 4.339310 3.599772
2629.470000 8.220378 4.330000 3.590000
2655.450000 8.191689 4.318522 3.580000
2681.430000 8.163617 4.310000 3.570410
2707.410000 8.138645 4.300000 3.561626
2733.390000 8.112333 4.299474 3.560000
2759.360000 8.086188 4.290000 3.550000
2785.340000 8.061645 4.290000 3.540000
2811.320000 8.043415 4.290000 3.535757
2837.290000 8.029290 4.290000 3.530000
2863.270000 8.012884 4.290000 3.520000
2889.250000 7.997428 4.290000 3.520000
2915.230000 7.981673 4.290000 3.510000
2941.200000 7.965000 4.299792 3.507314
2967.000000 7.957058 4.300000 3.500000
2992.000000 7.945942 4.300000 3.500000
3017.000000 7.943848 4.310000 3.490000
3032.000000 7.936715 4.310000 3.490000
3042.000000 7.935000 4.315193 3.490000
3052.000000 7.934164 4.320133 3.490000
3062.000000 7.935097 4.324707 3.490000
3072.000000 7.939673 4.326711 3.482417
3082.000000 7.930118 4.330989 3.480000
3092.000000 7.930000 4.336167 3.480000
3102.000000 7.930000 4.340000 3.480000
3112.000000 7.921119 4.340000 3.480000
3122.000000 7.920000 4.342509 3.480000
3132.000000 7.920000 4.350000 3.480000
3142.000000 7.915251 4.350000 3.480000
3152.000000 7.910000 4.351385 3.473351
3162.000000 7.910000 4.359614 3.470000
3172.000000 7.913210 4.363326 3.470000
3182.000000 7.915000 4.370000 3.470000
3192.000000 7.915000 4.372122 3.470000
3202.000000 7.917500 4.380000 3.470000
3212.000000 7.920000 4.381187 3.470000
3222.000000 7.920000 4.389461 3.465919
3232.000000 7.920000 4.390533 3.460000
3242.000000 7.913976 4.398908 3.460000
3252.000000 7.910000 4.403634 3.460000
3262.000000 7.910000 4.409551 3.460000
3272.000000 7.910000 4.417314 3.460000
3282.000000 7.910000 4.420000 3.456133
3292.000000 7.910000 4.426108 3.450077
3312.000000 7.703255 4.405723 3.460000
3312.000100 7.703255 4.405723 3.460000
3347.110000 7.230000 4.130000 2.600000
3347.110100 7.230000 4.130000 2.600000
3348.110000 7.155000 4.080000 2.600000
3348.110100 7.155000 4.080000 2.600000
3381.930000 5.460000 3.155000 2.600000
3381.930100 5.460000 3.155000 2.600000
3391.000000 3.625000 2.090000 2.600000
3391.000100 3.625000 2.090000 2.600000
