0.000000 0.000000 0.000000 0.000000
1.000000 -1.000000 -1.000000 -1.000000
2.000000 -0.281060 -0.064215 -0.160244
3.000000 -0.265045 -0.025443 -0.104261
4.000000 -0.245635 -0.015659 -0.073643
5.000000 -0.239849 -0.011724 -0.058191
6.000000 -0.241570 -0.009289 -0.049264
7.000000 -0.246099 -0.007545 -0.043285
8.000000 -0.251227 -0.006258 -0.038825
9.000000 -0.256110 -0.005300 -0.035273
10.000000 -0.260512 -0.004580 -0.032338
11.000000 -0.264429 -0.004030 -0.029857
12.000000 -0.267927 -0.003603 -0.027728 
13.000000 -0.271085 -0.003266 -0.025880
14.000000 -0.273971 -0.002995 -0.024263
15.000000 -0.276641 -0.002774 -0.022837
16.000000 -0.279141 -0.002590 -0.021570
17.000000 -0.281504 -0.002436 -0.020438
18.000000 -0.283759 -0.002305 -0.019422
19.000000 -0.285928 -0.002191 -0.018504
20.000000 -0.288028 -0.002092 -0.017672
