0.000000 0.000000 0.000000 0.000000
1.000000 -1.000000 -1.000000 -1.000000
2.000000 -0.296337 -0.067069 -0.168758
3.000000 -0.279713 -0.025484 -0.109675
4.000000 -0.255268 -0.015241 -0.076106
5.000000 -0.245624 -0.011441 -0.059164
6.000000 -0.245069 -0.009159 -0.049574
7.000000 -0.248386 -0.007505 -0.043314
8.000000 -0.252913 -0.006260 -0.038742 
9.000000 -0.257512 -0.005319 -0.035151
10.000000 -0.261784 -0.004605 -0.032204
11.000000 -0.265642 -0.004056 -0.029722
12.000000 -0.269114 -0.003629 -0.027597
13.000000 -0.272260 -0.003291 -0.025755
14.000000 -0.275141 -0.003019 -0.024143
15.000000 -0.277811 -0.002797 -0.022721
16.000000 -0.280312 -0.002613 -0.021459
17.000000 -0.282680 -0.002459 -0.020332
18.000000 -0.284941 -0.002327 -0.019319
19.000000 -0.287117 -0.002213 -0.018405
20.000000 -0.289226 -0.002113 -0.017577
