0.000000 0.000000 0.000000 0.000000
1.000000 -1.000000 -1.000000 -1.000000
2.000000 -0.291374 -0.066133 -0.165987
3.000000 -0.274865 -0.025468 -0.107879
4.000000 -0.252058 -0.015384 -0.075278
5.000000 -0.243698 -0.011540 -0.058833
6.000000 -0.243913 -0.009207 -0.049467
7.000000 -0.247647 -0.007521 -0.043303
8.000000 -0.252385 -0.006262 -0.038770
9.000000 -0.257086 -0.005314 -0.035193
10.000000 -0.261405 -0.004597 -0.032250 
11.000000 -0.265285 -0.004048 -0.029769
12.000000 -0.268767 -0.003621 -0.027642
13.000000 -0.271917 -0.003283 -0.025798
14.000000 -0.274800 -0.003012 -0.024184
15.000000 -0.277471 -0.002790 -0.022761
16.000000 -0.279972 -0.002606 -0.021497
17.000000 -0.282338 -0.002452 -0.020368
18.000000 -0.284598 -0.002320 -0.019354
19.000000 -0.286772 -0.002206 -0.018439
20.000000 -0.288878 -0.002106 -0.017610
