0.000000 0.000000 0.000000 0.000000
1.000000 -1.000000 -1.000000 -1.000000
2.000000 -0.248381 -0.056190 -0.141603
3.000000 -0.231300 -0.021668 -0.090898
4.000000 -0.211744 -0.013260 -0.063361
5.000000 -0.205117 -0.010033 -0.049638
6.000000 -0.205675 -0.008067 -0.041823
7.000000 -0.209058 -0.006656 -0.036656
8.000000 -0.213194 -0.005613 -0.032840
9.000000 -0.217263 -0.004839 -0.029822
10.000000 -0.221012 -0.004260 -0.027339
11.000000 -0.224414 -0.003821 -0.025247
12.000000 -0.227511 -0.003484 -0.023457
13.000000 -0.230364 -0.003221 -0.021908 
14.000000 -0.233027 -0.003010 -0.020555
15.000000 -0.235546 -0.002840 -0.019364
16.000000 -0.237957 -0.002700 -0.018309
17.000000 -0.240288 -0.002582 -0.017369
18.000000 -0.242560 -0.002481 -0.016527
19.000000 -0.244790 -0.002394 -0.015768
20.000000 -0.246993 -0.002317 -0.015082
