0.000000 0.000000 0.000000 0.000000
1.000000 -1.000000 -1.000000 -1.000000
2.000000 -0.324883 -0.074474 -0.185079
3.000000 -0.310213 -0.029482 -0.121863
4.000000 -0.287966 -0.017945 -0.086161
5.000000 -0.280686 -0.013342 -0.067931
6.000000 -0.282245 -0.010505 -0.057404
7.000000 -0.287274 -0.008460 -0.050386
8.000000 -0.293125 -0.006938 -0.045173
9.000000 -0.298737 -0.005794 -0.041030
10.000000 -0.303786 -0.004925 -0.037607
11.000000 -0.308242 -0.004257 -0.034711
12.000000 -0.312171 -0.003734 -0.032222 
13.000000 -0.315662 -0.003318 -0.030060
14.000000 -0.318793 -0.002982 -0.028164
15.000000 -0.321631 -0.002706 -0.026488
16.000000 -0.324230 -0.002477 -0.024996
17.000000 -0.326632 -0.002284 -0.023662
18.000000 -0.328870 -0.002120 -0.022461
19.000000 -0.330973 -0.001979 -0.021375
20.000000 -0.332963 -0.001856 -0.020389
