0.000000 0.000000 0.000000 0.000000
1.000000 -1.000000 -1.000000 -1.000000
2.000000 -0.276103 -0.063308 -0.157491
3.000000 -0.260449 -0.025436 -0.102579
4.000000 -0.242674 -0.015784 -0.072901
5.000000 -0.238085 -0.011802 -0.057908
6.000000 -0.240489 -0.009321 -0.049180
7.000000 -0.245369 -0.007552 -0.043282
8.000000 -0.250664 -0.006254 -0.038853
9.000000 -0.255623 -0.005292 -0.035312
10.000000 -0.260059 -0.004570 -0.032380
11.000000 -0.263990 -0.004020 -0.029898
12.000000 -0.267495 -0.003594 -0.027768
13.000000 -0.270655 -0.003257 -0.025919
14.000000 -0.273542 -0.002986 -0.024301
15.000000 -0.276212 -0.002765 -0.022873 
16.000000 -0.278711 -0.002582 -0.021604
17.000000 -0.281072 -0.002428 -0.020471
18.000000 -0.283325 -0.002297 -0.019453
19.000000 -0.285491 -0.002183 -0.018535
20.000000 -0.287588 -0.002084 -0.017702
