0.000000 0.000000 0.000000 0.000000
1.000000 -1.000000 -1.000000 -1.000000
2.000000 -0.286177 -0.065163 -0.163090
3.000000 -0.269874 -0.025455 -0.106037
4.000000 -0.248780 -0.015526 -0.074440
5.000000 -0.241734 -0.011637 -0.058502
6.000000 -0.242724 -0.009251 -0.049362
7.000000 -0.246871 -0.007535 -0.043293
8.000000 -0.251813 -0.006261 -0.038798
9.000000 -0.256611 -0.005308 -0.035235
10.000000 -0.260974 -0.004589 -0.032296
11.000000 -0.264874 -0.004039 -0.029814
12.000000 -0.268365 -0.003612 -0.027687
13.000000 -0.271519 -0.003274 -0.025841
14.000000 -0.274404 -0.003003 -0.024225
15.000000 -0.277074 -0.002782 -0.022800 
16.000000 -0.279575 -0.002598 -0.021535
17.000000 -0.281940 -0.002444 -0.020404
18.000000 -0.284197 -0.002312 -0.019389
19.000000 -0.286369 -0.002199 -0.018473
20.000000 -0.288472 -0.002099 -0.017642
