0.000000 0.000000 0.000000 0.000000
1.000000 -1.000000 -1.000000 -1.000000
2.000000 -0.231178 -0.052147 -0.131817
3.000000 -0.214025 -0.019995 -0.084117
4.000000 -0.195307 -0.012262 -0.058443
5.000000 -0.188934 -0.009324 -0.045721
6.000000 -0.189336 -0.007541 -0.038498
7.000000 -0.192403 -0.006264 -0.033732
8.000000 -0.196198 -0.005323 -0.030218
9.000000 -0.199958 -0.004627 -0.027442
10.000000 -0.203446 -0.004110 -0.025160
11.000000 -0.206635 -0.003721 -0.023241
12.000000 -0.209564 -0.003423 -0.021600
13.000000 -0.212289 -0.003192 -0.020181
14.000000 -0.214857 -0.003009 -0.018944
15.000000 -0.217312 -0.002861 -0.017856
16.000000 -0.219684 -0.002740 -0.016894
17.000000 -0.221999 -0.002638 -0.016037
18.000000 -0.224277 -0.002552 -0.015270
19.000000 -0.226531 -0.002476 -0.014581
20.000000 -0.228775 -0.002409 -0.013958
