0.500000 5.570000 1.000000 6.050000
1.000000 5.570000 1.000000 6.050000
2.000000 5.570000 1.000000 6.050000
2.500000 5.570000 1.000000 6.050000
3.000000 5.570000 1.000000 6.050000
3.000100 5.570000 0.000000 6.050000
134.470000 5.569957 0.000000 6.049794
266.450000 5.559914 0.000000 6.039638
398.430000 5.549256 0.000000 6.024268
530.400000 5.529037 0.000000 6.003627
662.380000 5.506898 0.000000 5.977920
794.350000 5.476098 0.000000 5.946423
926.330000 5.438028 0.000000 5.907944
1058.300000 5.396957 0.000000 5.865638
1190.280000 5.348666 0.000000 5.814435
1322.250000 5.294929 0.000000 5.757207
1454.230000 5.232969 0.000000 5.695184
1586.200000 5.163460 0.000000 5.626845
1718.180000 5.091684 0.000000 5.553731
1850.150000 9.592306 5.101736 4.048645
1850.150100 9.592306 5.101736 4.048645
1876.130000 9.573117 5.091930 4.030814
1902.110000 9.552609 5.082235 4.020000
1928.090000 9.529123 5.070339 4.012924
1954.060000 9.499860 5.061511 4.005455
1980.040000 9.471617 5.040262 3.997589
2006.020000 9.450430 5.036631 3.987947
2032.000000 9.426909 5.024621 3.972575
2057.970000 9.382868 5.007690 3.955068
2083.950000 9.336368 4.984371 3.944330
2109.930000 9.278036 4.950685 3.929916
2135.900000 9.219720 4.919573 3.913822
2161.880000 9.163779 4.894539 3.898428
2187.860000 9.123051 4.873303 3.886657
2213.840000 9.075820 4.855523 3.876763
2239.820000 9.049943 4.840000 3.867928
2265.790000 9.029360 4.832168 3.858215
2291.770000 9.001886 4.830000 3.843099
2317.750000 8.940322 4.810033 3.822398
2343.720000 8.775707 4.716377 3.787260
2369.700000 8.612281 4.613527 3.744178
2395.680000 8.513557 4.554811 3.708795
2421.660000 8.458047 4.525528 3.689122
2447.630000 8.426748 4.512442 3.678341
2473.610000 8.398689 4.504401 3.670000
2499.590000 8.374288 4.494926 3.661102
2525.570000 8.346600 4.488249 3.653473
2551.540000 8.319081 4.478638 3.646303
2577.520000 8.273728 4.450559 3.635229
2603.500000 8.218733 4.410478 3.622330
2629.470000 8.190611 4.405054 3.613719
2655.450000 8.162769 4.396124 3.606905
2681.430000 8.136282 4.385958 3.597860
2707.410000 8.110770 4.377728 3.590000
2733.390000 8.083443 4.368577 3.580224
2759.360000 8.054957 4.360000 3.572828
2785.340000 8.026961 4.355252 3.566067
2811.320000 8.000266 4.345654 3.558766
2837.290000 7.972948 4.339506 3.550000
2863.270000 7.946169 4.330888 3.542108
2889.250000 7.929642 4.330777 3.540000
2915.230000 7.918321 4.330298 3.535594
2941.200000 7.898443 4.329363 3.530000
2967.000000 7.890000 4.336215 3.524932
2992.000000 7.886927 4.346145 3.520000
3017.000000 7.881323 4.353010 3.520000
3032.000000 7.880000 4.360000 3.520000
3042.000000 7.880000 4.360000 3.520000
3052.000000 7.880000 4.360875 3.510000
3062.000000 7.880000 4.367937 3.510000
3072.000000 7.880000 4.370000 3.510000
3082.000000 7.880000 4.370000 3.510000
3092.000000 7.875000 4.370000 3.510000
3102.000000 7.875000 4.380000 3.510000
3112.000000 7.870000 4.380000 3.510000
3122.000000 7.870000 4.380000 3.510000
3132.000000 7.870000 4.390000 3.500000
3142.000000 7.870000 4.390000 3.500000
3152.000000 7.870000 4.390000 3.500000
3162.000000 7.870000 4.395000 3.500000
3172.000000 7.870000 4.400000 3.500000
3182.000000 7.865000 4.400000 3.500000
3192.000000 7.865000 4.405000 3.500000
3202.000000 7.865000 4.410000 3.490000
3212.000000 7.865000 4.410000 3.490000
3222.000000 7.860000 4.420000 3.490000
3232.000000 7.860000 4.420000 3.490000
3242.000000 7.860000 4.420000 3.490000
3252.000000 7.860000 4.425000 3.490000
3262.000000 7.850000 4.430000 3.480000
3272.000000 7.850000 4.435000 3.480000
3282.000000 7.850000 4.435000 3.480000
3292.000000 7.845000 4.445000 3.480000
3312.000000 7.845000 4.445000 3.480000
3312.000100 7.670000 4.340000 3.400000
3347.110000 7.480000 4.220000 3.360000
3347.110100 7.465000 4.220000 3.360000
3348.110000 7.450000 4.200000 3.350000
3348.110100 7.450000 4.200000 3.345000
3381.930000 5.260000 3.055000 2.850000
3381.930100 5.250000 3.050000 2.850000
3391.000000 4.455000 2.635000 2.590000
3391.000100 3.585000 2.120000 2.320000
